6631
1501
2949
4643
6323
8767
863
4262
3149
6199
7975
8231
6977
9737
8971
6762
8374
9446
5816
5233
1647
6086
1980
403
9296
4128
1293
492
8542
7945
9634
2816
8799
8246
2879
3517
5313
2784
6222
732
1014
2548
2472
6467
7213
8147
3332
7531
2652
6861
886
5049
5433
4981
441
7484
5064
1345
6007
5010
6863
256
9908
1974
1365
8264
3323
5898
3257
27
9440
6045
9134
4053
581
5497
52
1381
1560
1787
2354
4949
9113
9472
3999
6152
5434
3529
6209
3136
5999
8587
9836
2968
4676
1733
8844
7156
7518
3855
6270
1524
2586
6091
6488
5183
6737
4427
7881
2545
5709
9695
3947
4403
3093
5208
1541
6596
756
1342
7805
6865
2568
2507
6731
6774
1463
8114
6904
7249
3659
1311
8613
4991
9182
5597
6264
5573
6241
5054
5698
7389
2134
2714
9052
5211
3197
4519
5279
6043
8859
5904
3522
5514
7783
3622
2494
7725
2703
2080
1950
7009
2807
144
5842
7008
785
6660
3315
5020
9816
4358
2145
524
3782
7888
2343
625
6870
191
8528
3411
4036
4323
5475
381
9984
4368
778
5489
5009
6580
5633
6841
5030
9557
5017
8315
3048
2806
6460
9288
3755
2022
107
4754
947
1398
8818
7336
5187
1061
6205
8095
6817
4906
4437
7278
1190
7900
2275
1846
6177
1057
3845
4572
1835
561
958
2853
1333
4951
4631
7613
3565
5876
819
3315
7152
9423
3873
981
3913
1789
9178
9699
8024
6361
2779
3442
685
3696
9116
5840
7988
1483
3470
4607
6715
906
1444
7345
4877
6522
7736
7246
9427
5059
2255
9812
7153
7328
7334
2443
876
1291
1995
2739
379
8004
7769
7117
1451
3806
4459
8484
5804
2199
913
422
6697
7938
8336
2866
501
8739
3124
5232
9872
9222
5361
247
4538
620
8551
7599
6078
2595
8516
4244
9775
8208
6787
5971
7361
8636
1778
2100
2334
7992
17
3428
5529
8271
7766
8590
7695
455
542
8166
3497
2754
6462
6274
622
711
4359
6917
4486
1481
9160
7273
1401
2913
7357
5479
405
8780
6774
3814
1711
9747
258
1535
4225
4435
2602
3993
3137
2617
8106
7301
6194
1516
346
4184
115
2454
5531
2272
4246
192
1468
3685
2684
1561
2748
1678
9739
5571
1562
6509
2193
6683
3129
4072
9714
5635
207
1477
8461
1069
1229
1633
9246
3526
9384
7005
4556
940
8805
3493
8530
7102
9572
5534
3115
2159
9683
9164
6982
1206
1476
5565
3914
2165
6217
4662
8034
3603
8139
39
2873
8440
6329
925
2817
7701
6046
4101
4285
78
4571
3064
927
6037
3332
4887
8876
5508
8919
884
7003
7703
1574
5082
2412
3395
4534
4907
9269
7271
416
4884
904
5310
7380
9422
4896
189
8862
7524
890
3263
257
6092
3633
7099
2735
8500
3521
4110
2395
2235
6829
6267
6453
2457
861
4684
5892
5211
7967
531
3619
9967
4061
6817
2770
9496
6575
9570
6253
463
6423
291
3833
6422
955
3362
3850
7402
7120
9297
1491
1413
2753
9126
1781
7980
1727
6353
4472
9948
8018
7994
8151
5420
5742
311
1349
9631
1841
1672
1918
5960
264
9071
4921
7322
5618
7311
6265
5787
6860
3024
2803
1493
4619
6363
7242
5497
3480
7352
197
5280
309
8434
3794
8975
158
4916
9619
4102
2763
291
7271
4213
7473
7351
4116
2779
1321
2342
5856
4013
696
4255
8543
1344
8301
7936
8375
7139
4026
5141
895
4987
234
8798
4070
5788
5344
9307
112
769
3776
6710
842
7433
3719
8989
9919
4190
7156
2923
8099
4419
1530
946
940
153
910
6088
1841
8302
1899
347
3915
9763
3525
625
3144
5912
8426
6944
1598
2198
3252
7959
3916
1272
6284
1447
5772
5079
8281
5362
7525
433
8069
9326
7613
1733
1344
8486
4860
1166
1470
7758
2284
8282
2763
8800
588
3941
2127
1272
4275
1367
6749
6440
2065
6774
837
6745
113
4729
9385
1823
8795
8507
5277
4183
8119
7848
4519
816
7260
1159
1318
6547
8566
1620
9488
9872
437
4297
4611
2022
9474
5304
2124
2895
5741
5112
5910
5398
2881
8089
779
2118
2841
9557
4342
6576
652
3078
8248
8200
1348
8446
8521
2365
5965
390
6183
9187
4600
567
1386
8783
2463
5887
6472
5326
1363
1088
5155
9490
5985
939
2672
8874
7459
2548
9396
6077
3570
8834
8375
9859
5210
9525
7850
5024
8886
7108
6436
3950
5018
4259
1352
7430
3551
7742
195
6666
392
9428
3537
4002
6580
1330
319
3057
8381
154
3755
3139
8829
7969
2791
9765
3008
3858
541
3457
5460
2098
8748
5093
1116
7361
4225
3007
8501
4265
1137
8407
912
6999
9538
7273
2414
7235
6409
2045
3034
3869
2094
709
1183
8406
9245
530
7770
4376
8917
4499
2923
2867
8387
9532
1429
3621
3737
4527
901
8853
5047
6617
2479
9837
4955
2555
3763
6689
8917
9955
5599
4832
259
7607
8366
2086
6620
8830
7534
59
5048
2603
3327
6076
9372
4071
1448
804
6804
7033
3971
4246
5960
1220
9960
1386
2465
1405
8248
6162
7957
2152
9344
7751
6413
9390
5261
7397
8120
2173
1262
8064
6329
6892
2101
6625
9916
5097
232
8017
7654
3010
8788
8976
3865
6716
3345
4722
9958
5331
8592
4936
4445
2126
5792
550
3601
2862
5408
6918
8871
9907
7184
8729
5788
5627
8576
6629
6102
8984
7722
3199
499
4573
1819
6390
4174
6165
3708
7754
6176
9407
4207
7719
6962
8922
6453
9810
817
8889
2732
5006
826
2051
9142
2843
3093
8011
5029
1517
2799
1110
802
9204
9999
2302
9132
1725
7994
3906
3518
9700
2289
2263
3017
4212
5816
576
5153
9229
7250
2517
4500
7985
3048
2243
8068
7323
8520
7872
9446
3180
3626
1817
9251
5572
6622
4986
2492
2697
4337
1545
3914
1494
7487
735
8867
9603
9778
9860
8345
3885
696
566
8844
1475
226
2149
9584
3964
1961
9279
6681
8615
8156
4755
4914
657
4260
9396
